0
2
447
922
1 1 2
1
2
447
922
1 1 2
2
4
447
922
583
121
1 1 2
1 2 3
1 3 4
3
3
447
922
583
1 1 2
1 2 3
4
1
447
5
2
447
922
1 1 2
6
3
447
922
583
1 1 2
1 2 3
7
3
447
922
583
1 1 2
1 2 3
8
1
447
9
1
447
10
2
447
922
1 1 2
11
3
447
922
583
1 1 2
1 2 3
12
5
447
922
583
121
481
1 1 2
1 2 3
1 3 4
1 4 5
13
1
447
14
3
447
922
583
1 1 2
1 2 3
15
2
447
922
1 1 2
16
2
447
922
1 1 2
17
1
447
18
1
447
19
1
447
20
1
447
21
2
447
922
1 1 2
22
3
447
922
583
1 1 2
1 2 3
23
1
447
24
1
447
25
2
447
922
1 1 2
26
2
447
922
1 1 2
27
1
447
28
1
447
29
2
447
922
1 1 2
30
1
447
31
3
447
922
583
1 1 2
1 2 3
32
5
447
922
583
121
481
1 1 2
1 2 3
1 3 4
1 4 5
33
2
447
922
1 1 2
34
1
447
35
3
447
922
583
1 1 2
1 2 3
36
7
447
922
583
121
683
481
782
1 1 2
1 2 3
1 3 4
1 4 5
1 4 6
1 6 7
37
2
447
922
1 1 2
38
3
447
922
583
1 1 2
1 2 3
39
3
447
922
583
1 1 2
1 2 3
40
7
447
922
583
121
481
231
680
1 1 2
1 2 3
1 3 4
1 4 5
1 5 6
1 6 7
41
1
447
42
1
447
43
3
447
922
583
1 1 2
1 2 3
44
2
447
922
1 1 2
45
6
447
922
583
121
481
782
1 1 2
1 2 3
1 3 4
1 4 5
1 5 6
46
2
447
922
1 1 2
47
1
447
48
4
447
922
583
121
1 1 2
1 2 3
1 3 4
49
1
447
50
2
447
922
1 1 2
51
2
447
922
1 1 2
52
1
447
53
6
447
922
583
121
481
782
1 1 2
1 2 3
1 3 4
1 4 5
1 5 6
54
1
447
55
1
447
56
2
447
922
1 1 2
57
1
447
58
2
447
922
1 1 2
59
3
447
922
583
1 1 2
1 2 3
60
1
447
61
1
447
62
1
447
63
4
447
922
583
121
1 1 2
1 2 3
1 3 4
64
1
447
65
2
447
922
1 1 2
66
3
447
922
583
1 1 2
1 2 3
67
6
447
922
583
121
481
231
1 1 2
1 2 3
1 3 4
1 4 5
1 5 6
68
7
447
922
583
121
481
231
680
1 1 2
1 2 3
1 3 4
1 4 5
1 5 6
1 6 7
69
1
447
70
1
447
71
1
447
72
1
447
73
3
447
922
583
1 1 2
1 2 3
74
1
447
75
2
447
922
1 1 2
76
3
447
922
583
1 1 2
1 2 3
77
7
447
922
583
121
481
231
680
1 1 2
1 2 3
1 3 4
1 4 5
1 5 6
1 6 7
78
1
447
79
1
447
80
2
447
922
1 1 2
81
2
447
922
1 1 2
82
1
447
83
1
447
84
3
447
922
583
1 1 2
1 2 3
85
1
447
86
1
447
87
1
447
88
2
447
922
1 1 2
89
5
447
922
583
121
481
1 1 2
1 2 3
1 3 4
1 4 5
90
4
447
922
583
121
1 1 2
1 2 3
1 3 4
91
4
447
922
583
121
1 1 2
1 2 3
1 3 4
92
2
447
922
1 1 2
93
2
447
922
1 1 2
94
1
447
95
1
447
96
3
447
922
583
1 1 2
1 2 3
97
1
447
98
1
447
99
1
447
100
4
447
922
583
121
1 1 2
1 2 3
1 3 4
101
1
447
102
1
447
103
1
447
104
1
447
105
3
447
922
583
1 1 2
1 2 3
106
12
447
922
583
121
481
231
680
1
260
394
47
445
1 1 2
1 2 3
1 3 4
1 4 5
1 5 6
1 6 7
1 6 8
1 8 9
1 8 10
1 10 11
1 10 12
107
1
447
108
1
447
109
1
447
110
2
447
922
1 1 2
111
2
447
922
1 1 2
112
1
447
113
6
447
922
583
121
683
481
1 1 2
1 2 3
1 3 4
1 4 5
1 4 6
114
1
447
115
1
447
116
1
447
117
2
447
922
1 1 2
118
1
447
119
2
447
922
1 1 2
120
1
447
121
1
447
122
6
447
922
583
121
481
782
1 1 2
1 2 3
1 3 4
1 4 5
1 5 6
123
1
447
124
1
447
125
1
447
126
1
447
127
2
447
922
1 1 2
128
1
447
129
1
447
130
7
447
922
583
121
481
231
680
1 1 2
1 2 3
1 3 4
1 4 5
1 5 6
1 6 7
131
2
447
922
1 1 2
132
1
447
133
8
447
922
583
121
683
238
481
231
1 1 2
1 2 3
1 3 4
1 4 5
1 4 7
1 5 6
1 7 8
134
2
447
922
1 1 2
135
2
447
922
1 1 2
136
1
447
137
2
447
922
1 1 2
138
1
447
139
2
447
922
1 1 2
140
1
447
141
1
447
142
2
447
922
1 1 2
143
1
447
144
1
447
145
6
447
922
583
121
481
782
1 1 2
1 2 3
1 3 4
1 4 5
1 5 6
146
1
447
147
4
447
922
583
121
1 1 2
1 2 3
1 3 4
148
1
447
149
1
447
150
1
447
151
1
447
152
1
447
153
1
447
154
1
447
155
3
447
922
583
1 1 2
1 2 3
156
2
447
922
1 1 2
157
3
447
922
583
1 1 2
1 2 3
158
1
447
159
2
447
922
1 1 2
160
1
447
161
4
447
922
583
121
1 1 2
1 2 3
1 3 4
162
2
447
922
1 1 2
163
5
447
922
583
121
683
1 1 2
1 2 3
1 3 4
1 4 5
164
1
447
165
1
447
166
2
447
922
1 1 2
167
1
447
168
1
447
169
1
447
170
1
447
171
2
447
922
1 1 2
172
1
447
173
2
447
922
1 1 2
174
1
447
175
3
447
922
583
1 1 2
1 2 3
176
3
447
922
583
1 1 2
1 2 3
177
6
447
922
583
121
683
960
1 1 2
1 2 3
1 3 4
1 4 5
1 5 6
178
1
447
179
1
447
180
1
447
181
1
447
182
1
447
183
1
447
184
1
447
185
2
447
922
1 1 2
186
1
447
187
3
447
922
583
1 1 2
1 2 3
188
2
447
922
1 1 2
189
1
447
190
1
447
191
1
447
192
1
447
193
1
447
194
1
447
195
2
447
922
1 1 2
196
1
447
197
1
447
198
1
447
199
2
447
922
1 1 2
200
1
447
201
1
447
202
10
447
922
583
121
128
481
231
1
260
861
1 1 2
1 2 3
1 3 4
1 4 5
1 4 6
1 6 7
1 7 8
1 8 9
1 8 10
203
1
447
204
2
447
922
1 1 2
205
1
447
206
5
447
922
583
121
683
1 1 2
1 2 3
1 3 4
1 4 5
207
1
447
208
1
447
209
1
447
210
1
447
211
2
447
922
1 1 2
212
1
447
213
2
447
922
1 1 2
214
2
447
922
1 1 2
215
3
447
922
583
1 1 2
1 2 3
216
2
447
922
1 1 2
217
6
447
922
583
121
481
782
1 1 2
1 2 3
1 3 4
1 4 5
1 5 6
218
5
447
922
583
121
683
1 1 2
1 2 3
1 3 4
1 4 5
219
3
447
922
583
1 1 2
1 2 3
220
1
447
221
1
447
222
1
447
223
3
447
922
583
1 1 2
1 2 3
224
1
447
225
1
447
226
1
447
227
4
447
922
583
121
1 1 2
1 2 3
1 3 4
228
4
447
922
583
121
1 1 2
1 2 3
1 3 4
229
1
447
230
2
447
922
1 1 2
231
1
447
232
2
447
922
1 1 2
233
1
447
234
2
447
922
1 1 2
235
11
447
922
583
121
481
782
231
680
1
394
445
1 1 2
1 2 3
1 3 4
1 4 5
1 5 6
1 5 7
1 7 8
1 7 9
1 9 10
1 10 11
236
1
447
237
1
447
238
2
447
922
1 1 2
239
6
447
922
583
121
481
231
1 1 2
1 2 3
1 3 4
1 4 5
1 5 6
240
1
447
241
1
447
242
2
447
922
1 1 2
243
2
447
922
1 1 2
244
2
447
922
1 1 2
245
2
447
922
1 1 2
246
4
447
922
583
121
1 1 2
1 2 3
1 3 4
247
3
447
922
583
1 1 2
1 2 3
248
1
447
249
2
447
922
1 1 2
250
1
447
251
1
447
252
1
447
253
1
447
254
1
447
255
1
447
256
3
447
922
583
1 1 2
1 2 3
257
1
447
258
1
447
259
1
447
260
1
447
261
2
447
922
1 1 2
262
3
447
922
583
1 1 2
1 2 3
263
2
447
922
1 1 2
264
2
447
922
1 1 2
265
1
447
266
1
447
267
7
447
922
583
121
128
481
782
1 1 2
1 2 3
1 3 4
1 4 5
1 4 6
1 6 7
268
1
447
269
1
447
270
3
447
922
583
1 1 2
1 2 3
271
1
447
272
1
447
273
6
447
922
583
121
481
231
1 1 2
1 2 3
1 3 4
1 4 5
1 5 6
274
1
447
275
1
447
276
1
447
277
1
447
278
3
447
922
583
1 1 2
1 2 3
279
1
447
280
2
447
922
1 1 2
281
5
447
922
583
121
481
1 1 2
1 2 3
1 3 4
1 4 5
282
1
447
283
2
447
922
1 1 2
284
2
447
922
1 1 2
285
1
447
286
1
447
287
2
447
922
1 1 2
288
3
447
922
583
1 1 2
1 2 3
289
2
447
922
1 1 2
290
1
447
291
1
447
292
1
447
293
1
447
294
3
447
922
583
1 1 2
1 2 3
295
3
447
922
583
1 1 2
1 2 3
296
6
447
922
583
121
683
960
1 1 2
1 2 3
1 3 4
1 4 5
1 5 6
297
2
447
922
1 1 2
298
1
447
299
1
447
300
3
447
922
583
1 1 2
1 2 3
301
4
447
922
583
121
1 1 2
1 2 3
1 3 4
302
3
447
922
583
1 1 2
1 2 3
303
2
447
922
1 1 2
304
1
447
305
2
447
922
1 1 2
306
6
447
922
583
121
683
960
1 1 2
1 2 3
1 3 4
1 4 5
1 5 6
307
1
447
308
1
447
309
1
447
310
2
447
922
1 1 2
311
2
447
922
1 1 2
312
2
447
922
1 1 2
313
1
447
314
1
447
315
1
447
316
4
447
922
583
121
1 1 2
1 2 3
1 3 4
317
1
447
318
1
447
319
3
447
922
583
1 1 2
1 2 3
320
2
447
922
1 1 2
321
6
447
922
583
121
481
231
1 1 2
1 2 3
1 3 4
1 4 5
1 5 6
322
2
447
922
1 1 2
323
4
447
922
583
121
1 1 2
1 2 3
1 3 4
324
1
447
325
1
447
326
2
447
922
1 1 2
327
1
447
328
1
447
329
1
447
330
2
447
922
1 1 2
331
1
447
332
1
447
333
3
447
922
583
1 1 2
1 2 3
334
1
447
335
2
447
922
1 1 2
336
1
447
337
1
447
338
1
447
339
2
447
922
1 1 2
340
1
447
341
1
447
342
1
447
343
2
447
922
1 1 2
344
1
447
345
2
447
922
1 1 2
346
2
447
922
1 1 2
347
3
447
922
583
1 1 2
1 2 3
348
3
447
922
583
1 1 2
1 2 3
349
1
447
350
1
447
351
2
447
922
1 1 2
352
4
447
922
583
121
1 1 2
1 2 3
1 3 4
353
4
447
922
583
121
1 1 2
1 2 3
1 3 4
354
1
447
355
3
447
922
583
1 1 2
1 2 3
356
2
447
922
1 1 2
357
1
447
358
1
447
359
1
447
360
4
447
922
583
121
1 1 2
1 2 3
1 3 4
361
1
447
362
1
447
363
2
447
922
1 1 2
364
1
447
365
3
447
922
583
1 1 2
1 2 3
366
1
447
367
1
447
368
9
447
922
583
121
481
231
1
260
861
1 1 2
1 2 3
1 3 4
1 4 5
1 5 6
1 6 7
1 7 8
1 7 9
369
11
447
922
583
121
128
683
238
481
782
231
680
1 1 2
1 2 3
1 3 4
1 4 5
1 4 6
1 4 8
1 6 7
1 8 9
1 8 10
1 10 11
370
2
447
922
1 1 2
371
2
447
922
1 1 2
372
7
447
922
583
121
481
231
680
1 1 2
1 2 3
1 3 4
1 4 5
1 5 6
1 6 7
373
1
447
374
10
447
922
583
121
481
231
1
394
47
445
1 1 2
1 2 3
1 3 4
1 4 5
1 5 6
1 6 7
1 7 8
1 8 9
1 8 10
375
4
447
922
583
121
1 1 2
1 2 3
1 3 4
376
1
447
377
1
447
378
1
447
379
7
447
922
583
121
481
782
231
1 1 2
1 2 3
1 3 4
1 4 5
1 5 6
1 5 7
380
1
447
381
1
447
382
1
447
383
4
447
922
583
121
1 1 2
1 2 3
1 3 4
384
1
447
385
1
447
386
5
447
922
583
121
481
1 1 2
1 2 3
1 3 4
1 4 5
387
1
447
388
2
447
922
1 1 2
389
1
447
390
1
447
391
3
447
922
583
1 1 2
1 2 3
392
1
447
393
2
447
922
1 1 2
394
8
447
922
583
121
481
782
231
680
1 1 2
1 2 3
1 3 4
1 4 5
1 5 6
1 5 7
1 7 8
395
1
447
396
4
447
922
583
121
1 1 2
1 2 3
1 3 4
397
1
447
398
3
447
922
583
1 1 2
1 2 3
399
1
447
400
3
447
922
583
1 1 2
1 2 3
401
9
447
922
583
121
683
960
481
231
680
1 1 2
1 2 3
1 3 4
1 4 5
1 4 7
1 5 6
1 7 8
1 8 9
402
2
447
922
1 1 2
403
1
447
404
2
447
922
1 1 2
405
2
447
922
1 1 2
406
9
447
922
583
121
683
481
231
1
861
1 1 2
1 2 3
1 3 4
1 4 5
1 4 6
1 6 7
1 7 8
1 8 9
407
2
447
922
1 1 2
408
2
447
922
1 1 2
409
3
447
922
583
1 1 2
1 2 3
410
6
447
922
583
121
128
481
1 1 2
1 2 3
1 3 4
1 4 5
1 4 6
411
3
447
922
583
1 1 2
1 2 3
412
1
447
413
1
447
414
3
447
922
583
1 1 2
1 2 3
415
4
447
922
583
121
1 1 2
1 2 3
1 3 4
416
2
447
922
1 1 2
417
1
447
418
2
447
922
1 1 2
419
2
447
922
1 1 2
420
1
447
421
2
447
922
1 1 2
422
2
447
922
1 1 2
423
1
447
424
1
447
425
1
447
426
1
447
427
3
447
922
583
1 1 2
1 2 3
428
1
447
429
1
447
430
4
447
922
583
121
1 1 2
1 2 3
1 3 4
431
3
447
922
583
1 1 2
1 2 3
432
1
447
433
1
447
434
2
447
922
1 1 2
435
1
447
436
2
447
922
1 1 2
437
1
447
438
4
447
922
583
121
1 1 2
1 2 3
1 3 4
439
1
447
440
2
447
922
1 1 2
441
5
447
922
583
121
481
1 1 2
1 2 3
1 3 4
1 4 5
442
1
447
443
2
447
922
1 1 2
444
2
447
922
1 1 2
445
2
447
922
1 1 2
446
2
447
922
1 1 2
447
1
447
448
3
447
922
583
1 1 2
1 2 3
449
4
447
922
583
121
1 1 2
1 2 3
1 3 4
450
6
447
922
583
121
481
782
1 1 2
1 2 3
1 3 4
1 4 5
1 5 6
451
2
447
922
1 1 2
452
5
447
922
583
121
481
1 1 2
1 2 3
1 3 4
1 4 5
453
1
447
454
1
447
455
2
447
922
1 1 2
456
3
447
922
583
1 1 2
1 2 3
457
2
447
922
1 1 2
458
1
447
459
1
447
460
1
447
461
1
447
462
2
447
922
1 1 2
463
2
447
922
1 1 2
464
4
447
922
583
121
1 1 2
1 2 3
1 3 4
465
1
447
466
1
447
467
2
447
922
1 1 2
468
2
447
922
1 1 2
469
1
447
470
1
447
471
1
447
472
1
447
473
1
447
474
1
447
475
1
447
476
1
447
477
1
447
478
3
447
922
583
1 1 2
1 2 3
479
2
447
922
1 1 2
480
1
447
481
1
447
482
1
447
483
3
447
922
583
1 1 2
1 2 3
484
1
447
485
6
447
922
583
121
683
238
1 1 2
1 2 3
1 3 4
1 4 5
1 5 6
486
2
447
922
1 1 2
487
1
447
488
1
447
489
2
447
922
1 1 2
490
1
447
491
1
447
492
1
447
493
1
447
494
2
447
922
1 1 2
495
2
447
922
1 1 2
496
3
447
922
583
1 1 2
1 2 3
497
4
447
922
583
121
1 1 2
1 2 3
1 3 4
498
1
447
499
3
447
922
583
1 1 2
1 2 3
500
3
447
922
583
1 1 2
1 2 3
501
3
447
922
583
1 1 2
1 2 3
502
1
447
503
1
447
504
1
447
505
1
447
506
1
447
507
1
447
508
8
447
922
583
121
128
683
960
481
1 1 2
1 2 3
1 3 4
1 4 5
1 4 6
1 4 8
1 6 7
509
1
447
510
5
447
922
583
121
481
1 1 2
1 2 3
1 3 4
1 4 5
511
1
447
512
3
447
922
583
1 1 2
1 2 3
513
6
447
922
583
121
481
782
1 1 2
1 2 3
1 3 4
1 4 5
1 5 6
514
1
447
515
1
447
516
2
447
922
1 1 2
517
2
447
922
1 1 2
518
1
447
519
2
447
922
1 1 2
520
2
447
922
1 1 2
521
1
447
522
3
447
922
583
1 1 2
1 2 3
523
1
447
524
3
447
922
583
1 1 2
1 2 3
525
3
447
922
583
1 1 2
1 2 3
526
2
447
922
1 1 2
527
8
447
922
583
121
683
960
481
231
1 1 2
1 2 3
1 3 4
1 4 5
1 4 7
1 5 6
1 7 8
528
4
447
922
583
121
1 1 2
1 2 3
1 3 4
529
2
447
922
1 1 2
530
3
447
922
583
1 1 2
1 2 3
531
4
447
922
583
121
1 1 2
1 2 3
1 3 4
532
6
447
922
583
121
481
231
1 1 2
1 2 3
1 3 4
1 4 5
1 5 6
533
2
447
922
1 1 2
534
2
447
922
1 1 2
535
2
447
922
1 1 2
536
1
447
537
1
447
538
3
447
922
583
1 1 2
1 2 3
539
2
447
922
1 1 2
540
1
447
541
1
447
542
3
447
922
583
1 1 2
1 2 3
543
3
447
922
583
1 1 2
1 2 3
544
2
447
922
1 1 2
545
2
447
922
1 1 2
546
2
447
922
1 1 2
547
2
447
922
1 1 2
548
4
447
922
583
121
1 1 2
1 2 3
1 3 4
549
2
447
922
1 1 2
550
1
447
551
1
447
552
1
447
553
3
447
922
583
1 1 2
1 2 3
554
1
447
555
1
447
556
3
447
922
583
1 1 2
1 2 3
557
1
447
558
3
447
922
583
1 1 2
1 2 3
559
1
447
560
1
447
561
8
447
922
583
121
683
238
481
231
1 1 2
1 2 3
1 3 4
1 4 5
1 4 7
1 5 6
1 7 8
562
1
447
563
1
447
564
1
447
565
1
447
566
9
447
922
583
121
481
231
1
260
861
1 1 2
1 2 3
1 3 4
1 4 5
1 5 6
1 6 7
1 7 8
1 7 9
567
6
447
922
583
121
683
960
1 1 2
1 2 3
1 3 4
1 4 5
1 5 6
568
1
447
569
3
447
922
583
1 1 2
1 2 3
570
2
447
922
1 1 2
571
1
447
572
2
447
922
1 1 2
573
1
447
574
2
447
922
1 1 2
575
1
447
576
6
447
922
583
121
481
231
1 1 2
1 2 3
1 3 4
1 4 5
1 5 6
577
3
447
922
583
1 1 2
1 2 3
578
1
447
579
2
447
922
1 1 2
580
1
447
581
1
447
582
2
447
922
1 1 2
583
3
447
922
583
1 1 2
1 2 3
584
1
447
585
1
447
586
1
447
587
1
447
588
1
447
589
1
447
590
1
447
591
1
447
592
5
447
922
583
121
683
1 1 2
1 2 3
1 3 4
1 4 5
593
2
447
922
1 1 2
594
2
447
922
1 1 2
595
1
447
596
1
447
597
3
447
922
583
1 1 2
1 2 3
598
1
447
599
2
447
922
1 1 2
600
7
447
922
583
121
128
481
782
1 1 2
1 2 3
1 3 4
1 4 5
1 4 6
1 6 7
601
1
447
602
3
447
922
583
1 1 2
1 2 3
603
1
447
604
1
447
605
1
447
606
2
447
922
1 1 2
607
1
447
608
1
447
609
3
447
922
583
1 1 2
1 2 3
610
1
447
611
6
447
922
583
121
683
238
1 1 2
1 2 3
1 3 4
1 4 5
1 5 6
612
2
447
922
1 1 2
613
1
447
614
1
447
615
6
447
922
583
121
683
238
1 1 2
1 2 3
1 3 4
1 4 5
1 5 6
616
1
447
617
1
447
618
4
447
922
583
121
1 1 2
1 2 3
1 3 4
619
2
447
922
1 1 2
620
1
447
621
1
447
622
1
447
623
1
447
624
1
447
625
1
447
626
1
447
627
2
447
922
1 1 2
628
4
447
922
583
121
1 1 2
1 2 3
1 3 4
629
1
447
630
2
447
922
1 1 2
631
1
447
632
1
447
633
2
447
922
1 1 2
634
1
447
635
1
447
636
2
447
922
1 1 2
637
5
447
922
583
121
481
1 1 2
1 2 3
1 3 4
1 4 5
638
1
447
639
5
447
922
583
121
683
1 1 2
1 2 3
1 3 4
1 4 5
640
1
447
641
3
447
922
583
1 1 2
1 2 3
642
1
447
643
6
447
922
583
121
481
231
1 1 2
1 2 3
1 3 4
1 4 5
1 5 6
644
1
447
645
1
447
646
1
447
647
2
447
922
1 1 2
648
4
447
922
583
121
1 1 2
1 2 3
1 3 4
649
1
447
650
2
447
922
1 1 2
651
1
447
652
2
447
922
1 1 2
653
1
447
654
1
447
655
1
447
656
7
447
922
583
121
683
733
960
1 1 2
1 2 3
1 3 4
1 4 5
1 5 6
1 5 7
657
1
447
658
1
447
659
1
447
660
1
447
661
1
447
662
1
447
663
1
447
664
1
447
665
3
447
922
583
1 1 2
1 2 3
666
1
447
667
1
447
668
1
447
669
2
447
922
1 1 2
670
2
447
922
1 1 2
671
1
447
672
2
447
922
1 1 2
673
3
447
922
583
1 1 2
1 2 3
674
3
447
922
583
1 1 2
1 2 3
675
4
447
922
583
121
1 1 2
1 2 3
1 3 4
676
5
447
922
583
121
481
1 1 2
1 2 3
1 3 4
1 4 5
677
2
447
922
1 1 2
678
5
447
922
583
121
683
1 1 2
1 2 3
1 3 4
1 4 5
679
3
447
922
583
1 1 2
1 2 3
680
2
447
922
1 1 2
681
1
447
682
2
447
922
1 1 2
683
2
447
922
1 1 2
684
1
447
685
1
447
686
9
447
922
583
121
481
231
1
260
861
1 1 2
1 2 3
1 3 4
1 4 5
1 5 6
1 6 7
1 7 8
1 7 9
687
1
447
688
3
447
922
583
1 1 2
1 2 3
689
2
447
922
1 1 2
690
2
447
922
1 1 2
691
1
447
692
1
447
693
3
447
922
583
1 1 2
1 2 3
694
1
447
695
2
447
922
1 1 2
696
5
447
922
583
121
128
1 1 2
1 2 3
1 3 4
1 4 5
697
1
447
698
1
447
699
2
447
922
1 1 2
700
2
447
922
1 1 2
701
1
447
702
1
447
703
1
447
704
1
447
705
3
447
922
583
1 1 2
1 2 3
706
2
447
922
1 1 2
707
1
447
708
2
447
922
1 1 2
709
2
447
922
1 1 2
710
2
447
922
1 1 2
711
2
447
922
1 1 2
712
1
447
713
10
447
922
583
121
481
231
680
1
260
861
1 1 2
1 2 3
1 3 4
1 4 5
1 5 6
1 6 7
1 6 8
1 8 9
1 8 10
714
4
447
922
583
121
1 1 2
1 2 3
1 3 4
715
1
447
716
1
447
717
1
447
718
3
447
922
583
1 1 2
1 2 3
719
2
447
922
1 1 2
720
1
447
721
1
447
722
1
447
723
1
447
724
2
447
922
1 1 2
725
1
447
726
3
447
922
583
1 1 2
1 2 3
727
1
447
728
3
447
922
583
1 1 2
1 2 3
729
1
447
730
1
447
731
2
447
922
1 1 2
732
6
447
922
583
121
683
238
1 1 2
1 2 3
1 3 4
1 4 5
1 5 6
733
1
447
734
1
447
735
1
447
736
3
447
922
583
1 1 2
1 2 3
737
3
447
922
583
1 1 2
1 2 3
738
9
447
922
583
121
481
782
231
1
861
1 1 2
1 2 3
1 3 4
1 4 5
1 5 6
1 5 7
1 7 8
1 8 9
739
5
447
922
583
121
683
1 1 2
1 2 3
1 3 4
1 4 5
740
2
447
922
1 1 2
741
1
447
742
8
447
922
583
121
683
238
481
231
1 1 2
1 2 3
1 3 4
1 4 5
1 4 7
1 5 6
1 7 8
743
1
447
744
2
447
922
1 1 2
745
1
447
746
1
447
747
1
447
748
2
447
922
1 1 2
749
1
447
750
1
447
751
2
447
922
1 1 2
752
1
447
753
1
447
754
2
447
922
1 1 2
755
2
447
922
1 1 2
756
1
447
757
3
447
922
583
1 1 2
1 2 3
758
2
447
922
1 1 2
759
4
447
922
583
121
1 1 2
1 2 3
1 3 4
760
7
447
922
583
121
481
231
680
1 1 2
1 2 3
1 3 4
1 4 5
1 5 6
1 6 7
761
9
447
922
583
121
481
231
1
260
861
1 1 2
1 2 3
1 3 4
1 4 5
1 5 6
1 6 7
1 7 8
1 7 9
762
7
447
922
583
121
683
960
238
1 1 2
1 2 3
1 3 4
1 4 5
1 5 6
1 5 7
763
1
447
764
1
447
765
1
447
766
2
447
922
1 1 2
767
2
447
922
1 1 2
768
1
447
769
1
447
770
2
447
922
1 1 2
771
1
447
772
2
447
922
1 1 2
773
7
447
922
583
121
683
960
481
1 1 2
1 2 3
1 3 4
1 4 5
1 4 7
1 5 6
774
1
447
775
6
447
922
583
121
683
238
1 1 2
1 2 3
1 3 4
1 4 5
1 5 6
776
3
447
922
583
1 1 2
1 2 3
777
1
447
778
8
447
922
583
121
128
481
782
231
1 1 2
1 2 3
1 3 4
1 4 5
1 4 6
1 6 7
1 6 8
779
1
447
780
1
447
781
1
447
782
1
447
783
1
447
784
1
447
785
2
447
922
1 1 2
786
5
447
922
583
121
481
1 1 2
1 2 3
1 3 4
1 4 5
787
1
447
788
3
447
922
583
1 1 2
1 2 3
789
2
447
922
1 1 2
790
4
447
922
583
121
1 1 2
1 2 3
1 3 4
791
1
447
792
6
447
922
583
121
683
238
1 1 2
1 2 3
1 3 4
1 4 5
1 5 6
793
2
447
922
1 1 2
794
1
447
795
2
447
922
1 1 2
796
8
447
922
583
121
481
782
231
680
1 1 2
1 2 3
1 3 4
1 4 5
1 5 6
1 5 7
1 7 8
797
2
447
922
1 1 2
798
1
447
799
3
447
922
583
1 1 2
1 2 3
800
1
447
801
3
447
922
583
1 1 2
1 2 3
802
1
447
803
1
447
804
2
447
922
1 1 2
805
1
447
806
2
447
922
1 1 2
807
1
447
808
1
447
809
3
447
922
583
1 1 2
1 2 3
810
1
447
811
2
447
922
1 1 2
812
2
447
922
1 1 2
813
1
447
814
5
447
922
583
121
481
1 1 2
1 2 3
1 3 4
1 4 5
815
3
447
922
583
1 1 2
1 2 3
816
3
447
922
583
1 1 2
1 2 3
817
3
447
922
583
1 1 2
1 2 3
818
1
447
819
2
447
922
1 1 2
820
3
447
922
583
1 1 2
1 2 3
821
1
447
822
6
447
922
583
121
481
782
1 1 2
1 2 3
1 3 4
1 4 5
1 5 6
823
1
447
824
5
447
922
583
121
481
1 1 2
1 2 3
1 3 4
1 4 5
825
4
447
922
583
121
1 1 2
1 2 3
1 3 4
826
1
447
827
1
447
828
1
447
829
2
447
922
1 1 2
830
2
447
922
1 1 2
831
1
447
832
2
447
922
1 1 2
833
1
447
834
1
447
835
1
447
836
1
447
837
1
447
838
2
447
922
1 1 2
839
1
447
840
1
447
841
1
447
842
2
447
922
1 1 2
843
1
447
844
1
447
845
5
447
922
583
121
481
1 1 2
1 2 3
1 3 4
1 4 5
846
1
447
847
1
447
848
2
447
922
1 1 2
849
1
447
850
1
447
851
1
447
852
1
447
853
1
447
854
4
447
922
583
121
1 1 2
1 2 3
1 3 4
855
1
447
856
2
447
922
1 1 2
857
1
447
858
1
447
859
1
447
860
1
447
861
2
447
922
1 1 2
862
3
447
922
583
1 1 2
1 2 3
863
1
447
864
2
447
922
1 1 2
865
3
447
922
583
1 1 2
1 2 3
866
3
447
922
583
1 1 2
1 2 3
867
1
447
868
2
447
922
1 1 2
869
1
447
870
2
447
922
1 1 2
871
1
447
872
2
447
922
1 1 2
873
1
447
874
5
447
922
583
121
683
1 1 2
1 2 3
1 3 4
1 4 5
875
2
447
922
1 1 2
876
2
447
922
1 1 2
877
3
447
922
583
1 1 2
1 2 3
878
1
447
879
1
447
880
1
447
881
2
447
922
1 1 2
882
2
447
922
1 1 2
883
1
447
884
2
447
922
1 1 2
885
1
447
886
1
447
887
1
447
888
1
447
889
3
447
922
583
1 1 2
1 2 3
890
1
447
891
1
447
892
1
447
893
1
447
894
2
447
922
1 1 2
895
2
447
922
1 1 2
896
2
447
922
1 1 2
897
6
447
922
583
121
683
238
1 1 2
1 2 3
1 3 4
1 4 5
1 5 6
898
2
447
922
1 1 2
899
2
447
922
1 1 2
900
2
447
922
1 1 2
901
2
447
922
1 1 2
902
2
447
922
1 1 2
903
1
447
904
3
447
922
583
1 1 2
1 2 3
905
1
447
906
1
447
907
2
447
922
1 1 2
908
1
447
909
3
447
922
583
1 1 2
1 2 3
910
2
447
922
1 1 2
911
2
447
922
1 1 2
912
2
447
922
1 1 2
913
2
447
922
1 1 2
914
1
447
915
2
447
922
1 1 2
916
2
447
922
1 1 2
917
2
447
922
1 1 2
918
1
447
919
1
447
920
1
447
921
6
447
922
583
121
481
782
1 1 2
1 2 3
1 3 4
1 4 5
1 5 6
922
1
447
923
1
447
924
2
447
922
1 1 2
925
1
447
926
1
447
927
1
447
928
3
447
922
583
1 1 2
1 2 3
929
1
447
930
1
447
931
2
447
922
1 1 2
932
2
447
922
1 1 2
933
2
447
922
1 1 2
934
1
447
935
3
447
922
583
1 1 2
1 2 3
936
1
447
937
2
447
922
1 1 2
938
2
447
922
1 1 2
939
1
447
940
1
447
941
1
447
942
5
447
922
583
121
128
1 1 2
1 2 3
1 3 4
1 4 5
943
3
447
922
583
1 1 2
1 2 3
944
3
447
922
583
1 1 2
1 2 3
945
1
447
946
1
447
947
2
447
922
1 1 2
948
2
447
922
1 1 2
949
2
447
922
1 1 2
950
2
447
922
1 1 2
951
2
447
922
1 1 2
952
4
447
922
583
121
1 1 2
1 2 3
1 3 4
953
2
447
922
1 1 2
954
1
447
955
6
447
922
583
121
481
782
1 1 2
1 2 3
1 3 4
1 4 5
1 5 6
956
2
447
922
1 1 2
957
1
447
958
3
447
922
583
1 1 2
1 2 3
959
7
447
922
583
121
481
231
680
1 1 2
1 2 3
1 3 4
1 4 5
1 5 6
1 6 7
960
1
447
961
1
447
962
5
447
922
583
121
481
1 1 2
1 2 3
1 3 4
1 4 5
963
1
447
964
1
447
965
1
447
966
2
447
922
1 1 2
967
1
447
968
7
447
922
583
121
683
238
481
1 1 2
1 2 3
1 3 4
1 4 5
1 4 7
1 5 6
969
2
447
922
1 1 2
970
2
447
922
1 1 2
971
2
447
922
1 1 2
972
1
447
973
1
447
974
1
447
975
1
447
976
6
447
922
583
121
481
782
1 1 2
1 2 3
1 3 4
1 4 5
1 5 6
977
1
447
978
3
447
922
583
1 1 2
1 2 3
979
1
447
980
2
447
922
1 1 2
981
1
447
982
1
447
983
2
447
922
1 1 2
984
5
447
922
583
121
683
1 1 2
1 2 3
1 3 4
1 4 5
985
1
447
986
3
447
922
583
1 1 2
1 2 3
987
4
447
922
583
121
1 1 2
1 2 3
1 3 4
988
6
447
922
583
121
481
782
1 1 2
1 2 3
1 3 4
1 4 5
1 5 6
989
3
447
922
583
1 1 2
1 2 3
990
2
447
922
1 1 2
991
1
447
992
1
447
993
2
447
922
1 1 2
994
1
447
995
3
447
922
583
1 1 2
1 2 3
996
1
447
997
9
447
922
583
121
683
960
238
481
231
1 1 2
1 2 3
1 3 4
1 4 5
1 4 8
1 5 6
1 5 7
1 8 9
998
1
447
999
2
447
922
1 1 2
